2
129 activate.adobe.com
137 n150-p56.kthopen.kth.se
version 1
195
1 sword 4 0 0 0
2 sword 6 0 0 0
3 sword 6 0 0 0
4 backpack 65533 62 1 129 3 0
5 backpack 2 65534 2 0 3 0
6 backpack 5 0 0 0 3 0
7 apple 4 2 0 0 0
8 apple 5 2 0 0 1
9 apple 4 3 0 0 2
10 key 4 65533 0 0 0 983226
11 key 5 65533 0 0 3 28673
12 door 4 65535 0 0 1 983226
13 rabbit 65483 120 1 0 25 1 31 83575 0 25 0 1
15 rabbit 65520 109 3 0 25 0 31 83574 0 25 0 1
17 rock 65509 48 1 0
18 rock 0 65522 3 0
19 rock 9 47 0 0
20 rock 65522 65530 1 0
21 rock 65535 65530 1 0
22 rock 65524 65530 1 0
23 rock 65534 65530 1 0
24 rock 65522 65528 1 0
25 rock 65527 65530 2 0
26 rock 65525 65530 2 0
27 rock 65528 65530 1 0
28 rock 65526 65530 2 0
29 rock 0 65523 3 0
30 rock 0 65521 3 0
31 rock 0 65520 3 0
32 rock 0 65525 3 0
33 rock 0 65527 3 0
34 rock 1 52 2 0
35 rock 0 65524 3 0
36 rock 0 65530 3 0
37 rock 65535 65520 1 0
38 rock 65534 65520 1 0
39 rock 0 65529 3 0
40 rock 0 65528 3 0
41 rock 65531 65520 1 0
42 rock 65532 65520 1 0
43 rock 65530 65520 1 0
44 rock 65529 65520 1 0
45 rock 65533 65520 1 0
46 rock 65527 65520 1 0
47 rock 65526 65520 1 0
48 rock 65525 65520 1 0
49 rock 65524 65520 1 0
50 rock 65528 65520 1 0
51 rock 65522 65521 3 0
52 rock 65522 65522 3 0
53 rock 65522 65520 1 0
54 rock 65523 65520 1 0
55 rock 65522 65524 1 0
56 rock 65522 53 1 0
57 rock 65522 65527 1 0
58 rock 65522 65523 1 0
59 rock 65532 65530 2 0
60 rock 65530 65530 2 0
61 rock 65531 65530 2 0
62 rock 65523 65530 2 0
63 rock 65533 65530 2 0
64 rock 65519 65530 1 0
65 rock 65520 65530 1 0
66 rock 65518 65530 1 0
67 rock 65517 58 1 0
68 rock 65521 65530 1 0
69 rock 65512 58 0 0
70 rock 65514 65530 1 0
71 rock 65515 65530 1 0
72 rock 65513 58 0 0
73 rock 65516 65530 1 0
74 rock 65512 48 3 0
75 rock 65512 49 1 0
76 rock 65512 57 3 0
77 rock 65515 48 1 0
78 rock 65514 48 3 0
79 rock 65512 51 2 0
80 rock 65512 50 1 0
81 rock 65521 65520 0 0
82 rock 65520 65520 0 0
83 rock 65513 48 0 0
84 rock 65518 65520 1 0
85 rock 65516 65520 1 0
86 rock 65517 65520 1 0
87 rock 65519 65520 1 0
88 rock 65512 56 2 0
89 rock 65506 48 3 0
90 rock 65512 54 3 0
91 rock 65512 52 0 0
92 rock 65524 56 2 0
93 rock 65524 57 2 0
94 rock 65522 57 2 0
95 rock 65512 55 2 0
96 rock 2 48 1 0
97 rock 4 48 1 0
98 rock 3 48 1 0
99 rock 5 48 1 0
100 rock 1 48 1 0
101 rock 2 58 3 0
102 rock 3 58 3 0
103 rock 65510 48 0 0
104 rock 1 58 3 0
105 rock 7 58 3 0
106 rock 6 58 3 0
107 rock 8 58 3 0
108 rock 5 58 3 0
109 rock 8 48 3 0
110 rock 7 48 3 0
111 rock 9 48 3 0
112 rock 6 48 3 0
113 rock 9 52 2 0
114 rock 9 50 2 0
115 rock 9 51 2 0
116 rock 9 49 2 0
117 rock 9 54 3 0
118 rock 9 56 3 0
119 rock 9 55 3 0
120 rock 8 47 3 0
121 rock 9 58 1 0
122 rock 4 58 3 0
123 rock 65508 48 2 0
124 rock 9 57 1 0
125 rock 65511 48 1 0
126 rock 65507 48 2 0
127 rock 65533 65534 0 0
128 rock 65533 65534 0 0
129 human 65509 65529 0 0 100 1 0 0 4
131 rabbit 10 51 3 0 22 1 33 74535 0 22 0 1
133 rabbit 65479 14 3 0 22 1 44 73165 0 22 0 1
135 rabbit 22 60 2 0 23 1 39 72565 0 23 0 1
136 rabbit 65474 53 2 0 27 1 46 71955 0 27 0 2
137 human 11 65531 0 0 100 1 0 0 0
138 rabbit 65494 32 0 0 22 0 45 68797 0 22 0 1
139 rabbit 65482 63 3 0 22 1 27 67375 0 22 0 1
140 rabbit 81 35 2 0 21 0 29 67325 0 21 0 1
142 rabbit 65485 48 1 0 22 1 51 66357 0 22 0 1
146 rabbit 65500 121 2 0 28 0 47 63269 0 28 0 1
148 rabbit 65485 33 1 0 21 0 31 63026 0 21 0 2
149 rabbit 6 100 2 0 21 1 41 60877 0 21 0 2
150 rabbit 6 52 1 0 21 0 43 60308 0 21 0 1
151 rabbit 2 135 1 0 21 0 32 60065 0 21 0 1
152 rabbit 65522 103 3 0 22 1 49 58546 0 22 0 1
153 rabbit 65491 15 3 0 22 1 39 57489 0 22 0 1
154 rabbit 0 84 2 0 21 0 28 52146 0 21 0 1
155 rabbit 36 61 2 0 27 0 31 44556 0 27 0 1
156 rabbit 65495 112 3 0 21 0 43 43967 0 21 0 1
157 rabbit 0 67 2 0 23 1 44 34617 0 23 0 1
158 rabbit 86 57 3 0 21 0 31 31127 0 21 0 1
159 rabbit 48 34 0 0 24 0 48 30498 0 24 0 1
160 rabbit 65487 44 2 0 26 1 41 29127 0 26 0 2
161 rabbit 83 20 3 0 21 0 47 27879 0 21 0 2
162 rabbit 65521 50 0 0 22 0 30 21549 0 22 0 2
163 rabbit 47 25 0 0 24 0 39 20836 0 24 0 1
164 rabbit 65517 97 2 0 21 1 36 19785 0 21 0 2
165 rabbit 2 106 1 0 22 0 39 19360 0 21 0 1
166 rabbit 65507 107 1 0 23 0 25 18478 0 23 0 1
167 rabbit 65527 110 1 0 22 0 28 18135 0 22 0 1
168 rabbit 65504 73 1 0 22 1 36 17161 0 22 0 1
169 rabbit 65507 4 1 0 21 0 32 16937 0 21 0 1
170 rabbit 65505 106 3 0 21 0 30 16276 0 21 0 1
171 rabbit 80 67 3 0 22 1 47 15528 0 22 0 1
172 rabbit 65528 56 1 0 23 1 39 14531 0 23 0 1
173 rabbit 22 105 3 0 24 1 52 14001 0 24 0 1
174 rabbit 65511 85 2 0 21 0 43 13425 0 21 0 1
175 rabbit 65484 38 0 0 22 0 45 11568 0 22 0 1
176 rabbit 11 9 1 0 21 0 41 10597 0 21 0 1
177 rabbit 65513 30 3 0 21 1 45 7388 0 21 0 1
178 rabbit 65481 99 0 0 24 0 32 6097 0 24 0 2
179 rabbit 65494 89 3 0 21 1 37 5878 0 21 0 1
180 rabbit 65484 27 2 0 21 0 49 5827 0 21 0 1
181 rabbit 65485 72 2 0 21 0 50 5458 0 21 0 1
182 rabbit 65518 101 3 0 21 0 42 5109 0 21 0 1
183 rabbit 65503 23 1 0 21 0 46 4978 0 21 0 1
184 rabbit 75 17 1 0 23 0 35 4300 0 22 0 1
185 rabbit 65498 40 1 0 24 0 45 3928 0 24 0 1
186 rabbit 65495 91 3 0 21 0 46 3699 0 21 0 1
187 rabbit 65532 102 1 0 21 1 26 3530 0 21 0 2
188 rabbit 65497 112 1 0 24 0 32 3330 0 24 0 1
189 rabbit 65495 108 1 0 23 0 33 3307 0 23 0 1
190 rabbit 43 47 0 0 21 1 25 3197 0 21 0 1
191 rabbit 65492 95 3 0 23 0 50 3059 0 23 0 1
192 rabbit 65525 102 0 0 21 0 36 3055 0 21 0 1
193 rabbit 65494 21 2 0 22 1 28 2969 0 22 0 1
194 rabbit 65511 104 1 0 22 0 42 2880 0 21 0 1
195 rabbit 56 42 3 0 23 1 34 2497 0 23 0 1
196 rabbit 45 31 3 0 21 0 39 2237 0 21 1 1
197 rabbit 77 63 3 0 21 1 44 2198 0 21 0 1
198 rabbit 65503 109 2 0 21 1 48 2166 0 21 0 1
199 rabbit 65497 77 0 0 21 0 50 2129 0 21 0 1
200 rabbit 65493 29 0 0 21 1 27 2078 0 21 0 1
201 rabbit 65489 106 0 0 21 0 48 1808 0 21 0 2
202 rabbit 65474 39 1 0 21 0 37 1639 0 21 0 1
203 rabbit 65487 71 0 0 21 0 46 439 0 21 0 1
204 rabbit 65517 95 1 0 23 1 49 300 0 22 0 1
205 rabbit 65487 41 3 0 22 0 34 249 0 22 0 2
188 178 201 169 205 202 203 198 200 186 184 183 197 181 186 174 215 165 199 221 205 181 181 208 181 170 186 194 197 200 199 184 206 216 218 220 186 160 166 197 190 220 206 185 177 173 177 172 173 230 195 188 210 201 202 168 181 125 158 176 192 137 212 188 167 167 180 186 183 163 183 198 181 193 187 218 215 175 173 160 141 185 201 234 212 192 186 175 168 215 206 205 213 230 203 181 176 186 195 226 229 212 185 216 212 205 204 207 215 183 206 191 183 215 216 204 192 215 204 172 190 178 192 182 145 196 189 205 196 163 158 148 202 179 190 192 184 211 195 179 207 187 173 155 181 187 213 218 233 228 198 138 162 187 232 202 216 191 193 192 188 174 189 226 207 218 206 213 207 186 202 206 202 205 184 218 235 227 201 211 198 199 217 192 168 147 165 156 152 183 198 210 194 181 182 183 190 201 211 203 193 237 221 208 178 201 168 180 175 216 204 205 210 219 231 183 208 185 212 198 172 197 156 192 201 218 184 220 210 207 199 168 224 193 195 230 213 209 204 212 227 214 217 174 178 174 213 191 193 157 157 179 211 206 203 218 201 203 166 208 204 228 225 238 182 207 212 207 207 194 183 199 230 184 190 197 189 165 221 203 156 182 205 192 180 145 174 193 185 206 242 214 207 215 208 197 192 161 217 233 216 208 214 200 210 202 213 204 167 210 185 167 183 192 175 195 200 201 209 163 220 194 222 202 209 216 204 191 184 201 211 204 217 202 206 224 198 216 192 234 205 192 202 202 202 199 192 190 176 186 190 206 201 205 200 216 218 217 204 207 180 161 215 213 210 218 204 217 206 202 199 196 214 226 194 206 191 167 187 186 199 202 191 205 179 172 204 219 188 198 163 180 160 155 187 228 228 224 219 197 231 214 211 193 198 199 190 228 170 196 192 212 178 134 175 191 183 236 210 212 209 220 217 211 207 185 201 218 234 224 202 210 201 195 204 186 231 239 216 208 192 192 179 211 209 219 199 204 195 200 218 200 223 201 207 186 203 201 190 236 201 183 201 205 184 195 163 210 192 204 217 192 217 207 216 182 210 164 181 175 213 197 200 215 200 209 229 240 215 235 193 230 212 221 205 251 200 200 201 206 199 227 195 189 176 158 187 188 210 198 195 206 219 225 222 234 219 208 201 239 213 191 182 201 190 195 230 239 228 222 192 197 202 223 227 209 210 199 196 124 151 187 182 183 189 209 197 229 212 217 216 210 197 228 175 217 212 201 188 209 204 208 230 209 173 212 202 213 225 235 209 192 178 198 219 195 217 199 207 234 227 203 213 227 193 205 209 204 213 190 225 207 233 210 202 203 199 209 207 217 178 226 204 181 186 207 201 187 186 202 197 206 214 199 207 177 229 217 202 217 186 198 190 205 222 206 174 178 203 210 210 224 209 191 208 223 205 200 157 242 214 234 181 211 252 231 228 236 191 219 206 204 198 197 227 229 205 221 213 210 200 194 189 182 190 214 179 163 195 219 190 206 186 233 203 174 196 198 210 173 210 201 207 229 218 215 224 216 204 201 200 210 191 184 181 211 208 212 214 220 220 212 198 227 211 216 193 205 221 225 215 236 218 198 219 207 192 199 217 213 228 186 236 226 215 199 225 191 182 211 182 203 205 238 189 214 214 218 202 188 194 195 176 226 231 219 198 235 227 208 195 209 199 191 160 175 174 192 196 230 214 202 190 213 204 188 227 234 246 210 232 237 211 234 218 228 247 240 190 227 247 198 208 208 185 218 248 229 204 228 191 214 204 199 212 185 217 205 212 181 213 230 214 199 188 203 221 208 200 189 216 226 201 209 204 191 199 167 160 175 159 179 194 196 225 209 193 193 198 206 176 211 213 227 211 230 215 236 219 200 215 208 200 226 224 222 207 228 196 168 192 228 221 213 186 197 220 190 196 182 216 226 233 219 233 217 190 195 180 226 210 225 213 189 225 191 209 223 174 201 218 197 185 175 200 156 180 209 218 197 223 219 207 147 194 209 236 218 207 226 226 195 213 206 222 214 216 245 209 192 212 203 216 219 198 218 224 216 200 173 231 224 197 205 212 223 233 224 227 195 208 208 221 212 191 225 204 203 219 223 225 205 185 195 218 224 205 214 193 189 214 225 226 211 183 198 195 172 195 199 222 216 210 214 213 213 223 235 210 230 207 217 229 218 241 210 212 215 225 200 217 223 197 221 190 212 199 206 221 222 206 218 239 182 170 210 219 218 225 213 198 228 218 220 201 185 223 214 207 214 222 180 184 207 195 200 192 207 186 142 207 215 214 225 217 188 224 202 207 225 243 234 216 186 214 197 235 227 235 196 223 213 175 182 204 199 205 210 196 194 176 188 211 228 201 183 188 207 215 178 206 227 171 221 208 221 232 223 203 205 208 179 172 198 196 202 227 221 203 193 195 207 214 156 198 187 211 210 238 194 223 203 201 228 242 224 216 236 230 227 236 228 227 215 208 185 212 209 201 202 190 201 195 209 186 189 196 204 215 218 211 216 199 205 213 209 216 246 216 224 232 245 214 211 220 187 201 185 207 228 195 198 196 229 168 171 209 195 217 219 205 220 200 199 154 187 203 231 241 225 214 232 197 206 211 200 209 182 221 199 194 203 225 213 226 232 238 215 190 178 202 198 203 239 175 214 198 209 227 211 224 220 243 220 223 228 213 229 178 236 177 199 179 200 206 201 200 196 185 187 202 171 210 206 187 178 176 191 188 190 214 232 235 197 220 207 216 226 220 203 193 206 188 178 179 194 211 230 207 205 235 202 210 235 203 200 213 183 202 239 216 235 192 226 208 215 175 205 216 213 218 204 236 230 199 191 193 198 195 203 231 189 173 160 222 219 190 157 157 194 173 184 170 183 176 202 187 199 222 210 229 231 227 191 178 210 182 172 237 200 193 211 204 203 214 220 201 198 200 220 208 200 183 188 238 207 197 197 203 201 219 216 201 183 192 211 206 217 187 192 171 190 196 220 190 155 164 167 182 175 189 139 186 193 181 202 199 197 173 209 206 210 207 214 214 213 219 226 222 201 212 205 206 214 217 225 215 209 182 232 199 210 185 192 202 193 201 198 220 221 211 208 216 197 216 216 220 231 212 186 191 175 238 190 195 216 193 191 139 156 160 154 195 186 203 168 194 198 197 148 177 192 217 177 188 229 216 234 232 201 215 201 196 206 203 211 213 228 218 192 208 202 230 206 199 217 225 202 161 189 195 207 220 209 223 194 214 224 190 193 202 222 201 188 175 218 203 158 173 190 178 179 168 143 130 158 196 210 194 175 200 184 205 204 177 208 229 217 229 236 210 173 207 228 207 212 213 185 159 173 197 230 188 232 202 213 205 210 203 198 154 183 181 205 204 173 184 213 208 193 191 197 206 195 199 193 200 181 211 219 218 193 167 194 179 187 193 165 165 179 186 185 186 172 192 163 188 209 202 225 252 239 204 213 215 204 212 187 204 214 205 184 138 158 213 220 192 212 200 209 193 184 209 187 202 209 184 223 227 187 187 188 164 160 201 225 218 180 232 219 203 196 227 204 198 195 174 183 168 174 180 185 166 193 159 195 199 171 158 196 216 229 238 222 214 225 200 217 193 245 208 216 217 200 185 214 222 200 177 226 177 230 218 208 190 178 189 188 191 197 201 234 208 191 170 180 152 195 187 209 215 185 177 210 190 164 194 190 156 152 140 173 196 175 187 193 189 164 164 156 173 166 173 220 222 229 220 222 219 206 218 216 188 253 223 218 212 245 221 222 234 223 214 209 227 212 220 192 191 202 165 203 176 172 191 154 164 176 197 161 152 138 210 238 221 177 211 194 188 178 182 203 192 210 163 173 189 183 162 160 153 206 147 148 181 187 178 191 195 230 207 215 226 211 233 250 231 232 227 219 221 249 211 213 228 197 225 237 224 187 220 210 240 231 226 190 179 166 129 148 191 184 183 174 184 156 208 218 186 182 199 188 191 169 180 192 199 202 180 181 194 198 163 166 127 196 199 184 169 197 171 211 204 199 220 238 223 240 225 235 223 236 227 226 230 228 223 217 194 235 221 200 216 208 240 243 242 216 225 209 172 193 134 171 183 185 177 185 152 186 195 160 193 179 176 207 216 184 185 160 171 137 136 169 189 199 164 164 162 197 185 202 145 165 210 172 220 215 202 204 199 215 200 217 219 244 229 234 236 211 233 218 212 196 205 220 203 214 235 224 220 214 235 195 146 145 173 145 151 180 149 170 159 157 213 167 185 168 168 156 171 195 189 182 206 170 168 195 196 212 203 215 170 174 191 224 199 196 197 213 242 237 204 215 227 222 203 241 225 227 241 231 229 244 231 223 206 213 183 213 221 227 211 199 207 208 180 177 194 177 156 172 171 149 179 178 190 157 170 180 172 195 194 171 188 173 201 155 166 175 148 202 206 173 179 206 179 208 159 214 212 189 177 210 214 211 207 228 217 220 201 214 227 225 237 228 247 225 227 217 212 224 201 204 200 204 232 234 202 197 231 197 156 130 109 177 161 180 197 175 167 187 188 216 194 187 207 185 140 180 201 172 168 178 190 183 174 150 166 168 177 189 202 221 182 191 180 195 212 222 235 230 213 209 204 203 215 252 220 222 209 239 212 198 192 187 171 194 236 212 207 219 184 211 238 152 159 165 130 178 163 162 185 167 165 182 173 194 191 185 203 174 196 176 168 168 169 184 206 199 200 186 188 190 178 204 148 181 188 168 158 204 215 197 202 233 229 224 220 220 214 225 228 217 223 211 227 184 207 175 188 177 170 195 233 212 216 209 207 168 168 179 161 160 149 189 209 172 154 154 162 186 185 167 174 187 170 181 170 177 166 214 183 185 195 204 216 200 187 178 174 194 220 201 165 165 170 223 215 222 210 225 221 206 234 214 214 218 217 221 222 217 206 210 211 199 181 175 200 206 198 214 182 203 178 180 176 176 163 192 200 178 202 191 160 195 183 201 186 187 179 177 111 173 171 160 213 208 199 227 187 192 199 204 209 176 183 177 168 169 219 165 216 226 198 194 206 219 218 223 189 235 228 237 242 237 218 179 182 182 177 156 215 213 207 211 178 170 144 150 143 178 200 183 177 196 227 203 194 232 181 216 162 155 160 139 90 122 173 174 186 215 198 161 175 167 211 217 220 215 213 178 170 202 197 223 209 182 178 163 187 193 224 242 224 205 220 236 242 222 210 199 161 130 177 182 190 200 189 246 216 175 189 181 155 171 209 167 177 196 208 195 183 200 196 197 165 181 155 176 99 127 102 147 177 219 209 198 139 194 209 227 177 195 191 193 179 209 203 249 214 200 195 212 156 199 209 214 223 205 229 209 224 220 195 177 200 197 208 198 217 213 220 210 220 201 176 163 186 154 191 161 177 187 173 209 163 169 171 195 172 189 194 162 129 143 122 100 206 175 188 181 187 206 216 174 178 173 181 197 198 208 217 229 212 241 207 172 168 212 207 221 210 191 220 223 231 185 209 201 178 181 174 164 206 224 218 226 207 203 168 176 177 171 197 205 189 165 126 218 210 178 176 181 149 165 200 184 170 151 153 194 151 174 197 144 193 228 172 187 193 171 196 203 214 177 227 214 223 225 193 151 159 174 216 215 209 220 216 208 218 211 196 181 167 172 142 166 179 194 223 204 222 197 186 198 198 169 196 198 172 177 155 188 187 159 191 181 172 195 186 173 166 91 195 161 164 182 207 200 176 203 192 203 197 190 207 199 217 210 198 207 198 185 194 178 166 197 221 201 207 209 218 193 214 208 181 207 175 223 207 207 211 217 201 202 170 209 185 195 192 191 141 174 170 188 156 208 209 171 183 185 184 139 183 143 191 141 135 147 199 221 209 207 186 196 150 232 206 214 206 175 196 212 165 189 169 184 183 189 177 204 183 188 198 224 232 171 178 206 142 129 179 193 192 206 199 217 224 210 216 215 209 222 182 201 174 157 178 199 200 203 190 191 215 170 147 159 154 155 137 150 142 195 194 190 219 181 186 193 194 193 171 137 165 161 196 158 196 183 186 191 196 206 200 187 173 209 229 201 199 214 217 220 174 182 158 186 220 234 206 173 201 195 188 193 225 197 203 214 196 191 179 210 205 206 189 188 200 181 152 152 151 112 190 191 192 187 204 187 195 189 215 201 172 160 205 180 189 170 176 168 162 184 171 156 199 208 196 199 223 205 210 191 203 206 219 207 181 175 213 204 182 179 207 175 188 213 222 216 213 239 204 201 175 212 197 168 178 192 206 213 214 206 174 155 138 166 167 157 187 180 173 187 196 217 180 160 172 149 179 180 172 179 166 162 150 170 167 144 157 191 202 213 181 200 211 214 204 212 185 208 129 211 177 184 201 213 204 214 219 200 194 209 224 211 208 222 218 182 201 180 194 213 216 211 210 209 201 174 167 174 190 185 206 180 178 200 175 171 177 178 165 117 131 137 150 180 184 131 160 159 151 167 161 158 186 177 189 193 209 212 190 194 168 206 192 161 182 185 174 185 220 213 203 214 195 184 195 184 212 180 172 191 195 212 171 210 213 164 208 182 121 158 186 165 171 199 189 214 220 184 169 181 190 199 132 136 110 128 147 185 142 190 154 142 180 189 155 189 178 224 215 215 215 202 230 205 199 218 198 158 151 203 184 175 224 229 229 196 195 184 221 189 217 197 170 187 183 202 205 205 178 219 181 192 163 185 198 191 173 166 197 183 162 205 181 141 176 153 147 171 176 115 113 181 133 153 113 135 165 185 161 182 133 159 227 247 212 184 201 184 172 202 207 141 152 187 169 194 201 189 186 158 169 162 166 198 142 166 167 173 188 165 179 202 208 221 193 154 186 169 206 191 168 162 156 201 182 168 186 143 159 162 179 170 174 112 133 167 180 147 234 233 214 245 230 225 226 234 223 220 161 173 160 180 164 197 224 201 183 153 180 181 197 220 211 167 187 180 149 195 169 165 175 199 237 213 227 223 218 216 236 225 219 216 229 244 231 223 241 229 226 244 238 228 247 225 236 248 236 217 217 242 238 221 255 171 170 93 107 137 141 161 148 230 184 176 161 151 115 178 209 234 198 163 161 157 193 198 164 197 158 212 186 155 176 190 204 188 214 174 144 114 156 187 230 122 123 116 91 92 94 96 88 84 223 80 88 100 53 39 99 97 103 104 96 90 97 98 243 101 142 101 98 176 183 143 149 254 178 198 205 147 170 174 216 221 181 204 210 147 224 171 198 169 165 201 170 191 188 204 192 185 189 155 147 167 155 174 231 109 114 120 95 82 68 79 68 71 220 94 94 98 99 71 50 68 74 72 98 104 105 97 237 114 112 116 148 157 163 118 135 221 134 185 145 197 174 168 175 207 205 208 197 165 188 215 191 132 177 187 194 159 197 180 220 193 181 168 202 168 132 155 224 110 116 112 94 93 82 86 71 88 226 103 81 101 71 95 74 69 57 98 75 101 99 112 230 223 117 106 128 165 170 152 146 251 132 157 132 132 122 148 213 215 228 208 192 219 183 219 185 187 168 175 182 157 158 168 191 189 188 195 195 183 189 126 213 117 107 89 92 92 94 74 95 58 215 101 98 89 97 104 96 79 74 94 95 101 107 108 218 94 109 118 115 144 141 141 162 154 119 152 167 153 132 168 179 192 184 205 181 209 216 227 180 146 206 157 132 141 173 199 176 169 187 188 195 128 138 159 94 97 96 84 67 84 69 89 94 88 204 97 87 81 109 100 103 109 107 104 99 97 106 107 107 107 103 131 110 128 123 126 177 215 159 145 176 153 145 153 182 187 200 179 211 202 201 204 184 172 182 128 186 189 200 178 192 197 207 161 156 177 140 169 228 112 96 92 87 73 59 92 76 83 99 94 90 91 109 103 102 117 108 107 115 105 106 107 236 110 97 101 108 137 137 154 160 211 167 159 158 146 121 174 172 183 169 193 172 183 201 199 179 178 135 144 135 200 204 208 195 207 197 173 181 196 177 206 222 119 80 70 77 55 85 92 96 54 217 81 37 104 110 109 107 100 109 104 104 116 103 109 228 77 92 111 135 125 116 135 147 247 193 96 154 103 99 157 132 147 194 156 163 149 169 180 165 173 200 169 156 180 187 191 181 198 192 177 161 176 159 177 225 86 100 56 65 61 67 67 83 97 229 87 228 66 103 91 81 76 83 110 102 96 101 112 205 75 110 108 129 157 124 149 140 222 169 126 105 101 126 148 138 121 154 152 148 168 182 150 186 205 198 172 198 217 201 186 215 184 183 179 191 165 167 186 228 63 65 93 103 49 69 36 61 92 211 107 203 106 107 74 94 92 99 109 115 107 98 103 231 214 245 239 224 239 233 237 238 205 116 131 92 84 138 168 178 165 199 152 172 179 176 183 149 189 219 222 199 176 190 178 215 189 147 191 191 178 178 190 226 234 232 241 227 233 242 246 200 247 215 230 231 199 241 246 235 124 236 240 212 213 225 212 177 188 194 202 169 184 176 145 110 122 117 118 109 167 194 171 162 206 184 186 166 196 188 128 181 180 187 200 204 168 161 199 165 184 148 195 216 180 181 181 159 213 237 216 206 191 192 206 202 175 177 172 215 196 219 189 159 169 151 161 161 165 196 189 197 190 224 206 200 171 165 171 154 144 105 77 144 153 170 216 161 190 204 159 178 185 187 191 171 211 245 172 166 156 166 159 182 198 191 202 207 210 179 187 183 175 209 185 202 213 184 209 227 202 182 180 196 194 183 201 200 138 155 163 171 172 206 177 174 196 189 193 181 209 177 169 183 150 133 164 142 191 185 212 185 176 143 166 176 166 163 187 225 191 230 214 194 167 191 188 189 150 172 200 210 168 198 194 182 196 176 177 184 211 207 203 235 176 166 142 179 174 179 220 161 148 175 149 183 165 196 176 158 180 203 186 222 210 190 184 218 133 125 174 167 202 162 215 167 155 134 176 182 193 168 183 178 204 242 189 171 197 175 197 191 186 205 197 185 191 207 163 191 195 195 187 206 195 162 196 184 216 197 191 174 165 187 163 165 166 171 156 176 230 185 181 155 181 215 188 229 205 236 210 193 154 151 195 170 177 167 210 197 209 162 211 198 199 171 151 193 198 188 159 195 228 176 233 188 179 198 183 192 219 170 186 159 221 214 219 199 215 211 173 173 206 218 198 199 158 172 203 182 136 140 154 180 150 162 183 